4.145098674653089343e-01
7.573647684654777335e-01
9.917891973644297199e-01
3.868401881910795703e-01
5.485112101361655501e-02
5.553770515930802620e-01
6.534845316383076641e-01
4.304175763582542835e-01
2.950156704732899149e-01
3.086996957054164437e-01
3.418289539190073612e-01
9.647364481529878688e-01
2.257003541118832723e-01
5.107430383517025385e-01
4.896567604085910741e-01
2.791330022373769149e-01
3.917898320864816597e-01
2.829673098964484712e-01
7.495826186751973763e-01
5.567627380843341856e-01
9.966025435521342901e-01
7.461056741412793736e-01
3.383907434362249944e-01
7.101386171035528605e-01
4.812811044313096698e-01
1.744816796530758163e-01
6.260581057058178800e-01
6.658424989996675203e-01
2.534009285914581300e-01
7.221617815998205847e-01
5.770191397846694548e-01
2.191506400174081381e-01
9.064440830216389244e-01
7.684395983849255929e-01
1.170448400977818215e-01
6.084754211049225869e-01
4.138430508140251707e-01
4.187485749504865629e-01
3.440463616274765934e-01
1.391623285646785835e-01
6.745123004682538337e-01
4.452117004250022436e-02
8.973752969825232739e-01
5.742634555527176277e-01
1.568989072766254766e-01
2.569322649847485263e-01
6.427520852888183311e-01
9.216617017787500643e-01
6.350354306637306934e-02
5.642015588146291893e-01
9.615318443953556615e-01
5.091531024443414211e-01
9.815346447989858891e-01
9.267582548630838302e-01
4.789995540415856734e-01
4.188201545002873116e-01
9.458218110264415834e-02
3.391627078399813700e-01
9.332370102490443742e-01
7.694170599958358725e-01
6.171218135136772309e-01
6.153322486915703271e-01
3.665289677893757148e-01
5.425686005137357881e-01
2.923311014105688388e-01
6.760396232786106685e-01
9.104267420522670351e-01
7.769204415242135786e-01
7.998783701861647000e-01
6.767040421559511465e-01
8.616199224254907918e-01
9.854289876000602577e-01
6.691647740908104325e-01
7.007287048362823567e-01
2.000102193210830936e-01
2.978661068131711609e-01
2.542433872360397862e-01
7.971174558933161736e-01
7.139760716042287125e-01
1.848914117387051581e-01
7.115892360951625584e-02
8.529857261888107445e-01
9.716158918317275850e-01
4.512034217825495741e-01
6.786243193733525469e-01
7.405448786912569581e-01
3.746945078983184851e-01
3.548058167800433038e-01
1.543372176156633246e-01
5.712186185338035127e-01
2.630050361822144911e-01
3.393033950417123634e-01
5.496793227580084595e-01
2.692215685900266608e-01
8.549447165760826195e-01
8.809413807277274300e-01
3.997663597489209408e-02
4.479608024312276005e-01
7.959377171617608715e-01
9.213105090761974925e-02
